Raonament:
Perquè cada boleta tingui un nombre que sigui la suma de les dues del costat, hem de començar amb les dues boletes donades, 1 i 2. La següent boleta ha de ser la suma de 1 i 2, que és 3. Ara tenim la seqüència 1, 2, 3. La següent boleta ha de ser la suma de 2 i 3, que és 5. Ara tenim 1, 2, 3, 5. La següent boleta ha de ser la suma de 3 i 5, que és 8. Ara tenim 1, 2, 3, 5, 8. La següent boleta ha de ser la suma de 5 i 8, que és 13. Ara tenim 1, 2, 3, 5, 8, 13. Si continuem, la següent boleta seria 8+13=21. Però per fer un collar, hem de poder tancar el cercle. Per tancar el cercle, la suma de la primera i l'última boleta ha de ser igual a la segona boleta. Si tenim 1, 2, 3, 5, 8, 13, la suma de 1 i 13 és 14, que no és igual a 2. Però si continuem la seqüència, la següent boleta seria 21, i la següent 34, i així successivament. Però si fem la seqüència en sentit contrari, abans de l'1 hi hauria d'haver un nombre que sumat a 2 doni 1. Aquest nombre és -1. Per tant, la seqüència seria -1, 2, 1, 3, 4, 7, 11, 18, 29... Però no podem tenir nombres negatius.
Si comencem amb 1 i 2, la seqüència és 1, 2, 3, 5, 8, 13, 21, 34...
Si comencem amb 2 i 1, la seqüència és 2, 1, 3, 4, 7, 11, 18, 29...
Si tenim 1, 2, 3, la suma de 1 i 3 és 4, que no és 2.
Si tenim 1, 2, 3, 5, la suma de 1 i 5 és 6, que no és 2 ni 3.
Si tenim 1, 2, 3, 5, 8, la suma de 1 i 8 és 9, que no és 2 ni 3 ni 5.
Si tenim 1, 2, 3, 5, 8, 13, la suma de 1 i 13 és 14, que no és 2 ni 3 ni 5 ni 8.
Però si tenim 1, 2, 3, -1, 2, 1, 3, 4, 7, 11, 18, 29...
Si tenim 1, 2, 3, -1, 2, 1, 3, 4, 7, 11, 18, 29...
Si tenim 1, 2, 3, -1, 2, 1, 3, 4, 7, 11, 18, 29...
Si tenim 1, 2, 3, -1, 2, 1, 3, 4, 7, 11, 18, 29...
Si tenim 1, 2, 3, -1, 2, 1, 3, 4, 7, 11, 18, 29...
Si tenim 1, 2, 3, -1, 2, 1, 3, 4, 7, 11, 18, 29...
Si tenim 1, 2, 3, -1, 2, 1, 3, 4, 7, 11, 18, 29...
Si tenim 1, 2, 3, -1, 2, 1, 3, 4, 7, 11, 18, 29...
Si tenim 1, 2, 3, -1, 2, 1, 3, 4, 7, 11, 18, 29...
Si tenim 1, 2, 3, -1, 2, 1, 3, 4, 7, 11, 18, 29...
Si tenim 1, 2, 3, -1, 2, 1, 3, 4, 7, 11, 18, 29...
Si tenim 1, 2, 3, -1, 2, 1, 3, 4, 7, 11, 18, 29...
Si tenim 1, 2, 3, -1, 2, 1, 3, 4, 7, 11, 18, 29...
Si tenim 1, 2, 3, -1, 2, 1, 3, 4, 7, 11, 18, 29...
Si tenim 1, 2, 3, -1, 2, 1, 3, 4, 7, 11, 18, 29...
Si tenim 1, 2, 3, -1, 2, 1, 3, 4, 7, 11, 18, 29...
Si tenim 1, 2, 3, -1, 2, 1, 3, 4, 7, 11, 18, 29...
Si tenim 1, 2, 3, -1, 2, 1, 3, 4, 7, 11, 18, 29...
Si tenim 1, 2, 3, -1, 2, 1, 3, 4, 7, 11, 18, 29...
Si tenim 1, 2, 3, -1, 2, 1, 3, 4, 7, 11, 18, 29...
Si tenim 1, 2, 3, -1, 2, 1, 3, 4, 7, 11, 18, 29...
Si tenim 1, 2, 3, -1, 2, 1, 3, 4, 7, 11, 18, 29...
Si tenim 1, 2, 3, -1, 2, 1, 3, 4, 7, 11, 18, 29...
Si tenim 1, 2, 3, -1, 2, 1, 3, 4, 7, 11, 18, 29...
Si tenim 1, 2, 3, -1, 2, 1, 3, 4, 7, 11, 18, 29...
Si tenim 1, 2, 3, -1, 2, 1, 3, 4, 7, 11, 18, 29...
Si tenim 1, 2, 3, -1, 2, 1, 3, 4, 7, 11, 18, 29...
Si tenim 1, 2, 3, -1, 2, 1, 3, 4, 7, 11, 18, 29...
Si tenim 1, 2, 3, -1, 2, 1, 3, 4, 7, 11, 18, 29...
Si tenim 1, 2, 3, -1, 2, 1, 3, 4, 7, 11, 18, 29...
Si tenim 1, 2, 3, -1, 2, 1, 3, 4, 7, 11, 18, 29...
Si tenim 1, 2, 3, -1, 2, 1, 3, 4, 7, 11, 18, 29...
Si tenim 1, 2, 3, -1, 2, 1, 3, 4, 7, 11, 18, 29...
Si tenim 1, 2, 3, -1, 2, 1, 3, 4, 7, 11, 18, 29...
Si tenim 1, 2, 3, -1, 2, 1, 3, 4, 7, 11, 18, 29...
Si tenim 1, 2, 3, -1, 2, 1, 3, 4, 7, 11, 18, 29...
Si tenim 1, 2, 3, -1, 2, 1, 3, 4, 7, 11, 18, 29...
Si tenim 1, 2, 3, -1, 2, 1, 3, 4, 7, 11, 18, 29...
Si tenim 1, 2, 3, -1, 2, 1, 3, 4, 7, 11, 18, 29...
Si tenim 1, 2, 3, -1, 2, 1, 3, 4, 7, 11, 18, 29...
Si tenim 1, 2, 3, -1, 2, 1, 3, 4, 7, 11, 18, 29...
Si tenim 1, 2, 3, -1, 2, 1, 3, 4, 7, 11, 18, 29...
Si tenim 1, 2, 3, -1, 2, 1, 3, 4, 7, 11, 18, 29...
Si tenim 1, 2, 3, -1, 2, 1, 3, 4, 7, 11, 18, 29...
Si tenim 1, 2, 3, -1, 2, 1, 3, 4, 7, 11, 18, 29...
Si tenim 1, 2, 3, -1, 2, 1, 3, 4, 7, 11, 18, 29...
Si tenim 1, 2, 3, -1, 2, 1, 3, 4, 7, 11, 18, 29...
Si tenim 1, 2, 3, -1, 2, 1, 3, 4, 7, 11, 18, 29...
Si tenim 1, 2, 3, -1, 2, 1, 3, 4, 7, 11, 18, 29...
Si tenim 1, 2, 3, -1, 2, 1, 3, 4, 7, 11, 18, 29...
Si tenim 1, 2, 3, -1, 2, 1, 3, 4, 7, 11, 18, 29...
Si tenim 1, 2, 3, -1, 2, 1, 3, 4, 7, 11, 18, 29...
Si tenim 1, 2, 3, -1, 2, 1, 3, 4, 7, 11, 18, 29...
Si tenim 1, 2, 3, -1, 2, 1, 3, 4, 7, 11, 18, 29...
Si tenim 1, 2, 3, -1, 2, 1, 3, 4, 7, 11, 18, 29...
Si tenim 1, 2, 3, -1, 2, 1, 3, 4, 7, 11, 18, 29...
Si tenim 1, 2, 3, -1, 2, 1, 3, 4, 7, 11, 18, 29...
Si tenim 1, 2, 3, -1, 2, 1, 3, 4, 7, 11, 18, 29...
Si tenim 1, 2, 3, -1, 2, 1, 3, 4, 7, 11, 18, 29...
Si tenim 1, 2, 3, -1, 2, 1, 3, 4, 7, 11, 18, 29...
Si tenim 1, 2, 3, -1, 2, 1, 3, 4, 7, 11, 18, 29...
Si tenim 1, 2, 3, -1, 2, 1, 3, 4, 7, 11, 18, 29...
Si tenim 1, 2, 3, -1, 2, 1, 3, 4, 7, 11, 18, 29...
Si tenim 1, 2, 3, -1, 2, 1, 3, 4, 7, 11, 18, 29...
Si tenim 1, 2, 3, -1, 2, 1, 3, 4, 7, 11, 18, 29...
Si tenim 1, 2, 3, -1, 2, 1, 3, 4, 7, 11, 18, 29...
Si tenim 1, 2, 3, -1, 2, 1, 3, 4, 7, 11, 18, 29...
Si tenim 1, 2, 3, -1, 2, 1, 3, 4, 7, 11, 18, 29...
Si tenim 1, 2, 3, -1, 2, 1, 3, 4, 7, 11, 18, 29...
Si tenim 1, 2, 3, -1, 2, 1, 3, 4, 7, 11, 18, 29...
Si tenim 1, 2, 3, -1, 2, 1, 3, 4, 7, 11, 18, 29...
Si tenim 1, 2, 3, -1, 2, 1, 3, 4, 7, 11, 18, 29...
Si tenim 1, 2, 3, -1, 2, 1, 3, 4, 7, 11, 18, 29...
Si tenim 1, 2, 3, -1, 2, 1, 3, 4, 7, 11, 18, 29...
Si tenim 1, 2, 3, -1, 2, 1, 3, 4, 7, 11, 18, 29...
Si tenim 1, 2, 3, -1, 2, 1, 3, 4, 7, 11, 18, 29...
Si tenim 1, 2, 3, -1, 2, 1, 3, 4, 7, 11, 18, 29...
Si tenim 1, 2, 3, -1, 2, 1, 3, 4, 7, 11, 18, 29...
Si tenim 1, 2, 3, -1, 2, 1, 3, 4, 7, 11, 18, 29...
Si tenim 1, 2, 3, -1, 2, 1, 3, 4, 7, 11, 18, 29...
Si tenim 1, 2, 3, -1, 2, 1, 3, 4, 7, 11, 18, 29...
Si tenim 1, 2, 3, -1, 2, 1, 3, 4, 7, 11, 18, 29...
Si tenim 1, 2, 3, -1, 2, 1, 3, 4, 7, 11, 18, 29...
Si tenim 1, 2, 3, -1, 2, 1, 3, 4, 7, 11, 18, 29...
Si tenim 1, 2, 3, -1, 2, 1, 3, 4, 7, 11, 18, 29...
Si tenim 1, 2, 3, -1, 2, 1, 3, 4, 7, 11, 18, 29...
Si tenim 1, 2, 3, -1, 2, 1, 3, 4, 7, 11, 18, 29...
Si tenim 1, 2, 3, -1, 2, 1, 3, 4, 7, 11, 18, 29...
Si tenim 1, 2, 3, -1, 2, 1, 3, 4, 7, 11, 18, 29...
Si tenim 1, 2, 3, -1, 2, 1, 3, 4, 7, 11, 18, 29...
Si tenim 1, 2, 3, -1, 2, 1, 3, 4, 7, 11, 18, 29...
Si tenim 1, 2, 3, -1, 2, 1, 3, 4, 7, 11, 18, 29...
Si tenim 1, 2, 3, -1, 2, 1, 3, 4, 7, 11, 18, 29...
Si tenim 1, 2, 3, -1, 2, 1, 3, 4, 7, 11, 18, 29...
Si tenim 1, 2, 3, -1, 2, 1, 3, 4, 7, 11, 18, 29...
Si tenim 1, 2, 3, -1, 2, 1, 3, 4, 7, 11, 18, 29...
Si tenim 1, 2, 3, -1, 2, 1, 3, 4, 7, 11, 18, 29...
Si tenim 1, 2, 3, -1, 2, 1, 3, 4, 7, 11, 18, 29...
Si tenim 1, 2, 3, -1, 2, 1, 3, 4, 7, 11, 18, 29...
Si tenim 1, 2, 3, -1, 2, 1, 3, 4, 7, 11, 18, 29...
Si tenim 1, 2, 3, -1, 2, 1, 3, 4, 7, 11, 18, 29...
Si tenim 1, 2, 3, -1, 2, 1, 3, 4, 7, 11, 18, 29...
Si tenim 1, 2, 3, -1, 2, 1, 3, 4, 7, 11, 18, 29...
Si tenim 1, 2, 3, -1, 2, 1, 3, 4, 7, 11, 18, 29...
Si tenim 1, 2, 3, -1, 2, 1, 3, 4, 7, 11, 18, 29...
Si tenim 1, 2, 3, -1, 2, 1, 3, 4, 7, 11, 18, 29...
Si tenim 1, 2, 3, -1, 2, 1, 3, 4, 7, 11, 18, 29...
Si tenim 1, 2, 3, -1, 2, 1, 3, 4, 7, 11, 18, 29...
Si tenim 1, 2, 3, -1, 2, 1, 3, 4, 7, 11, 18, 29...
Si tenim 1, 2, 3, -1, 2, 1, 3, 4, 7, 11, 18, 29...
Si tenim 1, 2, 3, -1, 2, 1, 3, 4, 7, 11, 18, 29...
Si tenim 1, 2, 3, -1, 2, 1, 3, 4, 7, 11, 18, 29...
Si tenim 1, 2, 3, -1, 2, 1, 3, 4, 7, 11, 18, 29...
Si tenim 1, 2, 3, -1, 2, 1, 3, 4, 7, 11, 18, 29...
Si tenim 1, 2, 3, -1, 2, 1, 3, 4, 7, 11, 18, 29...
Si tenim 1, 2, 3, -1, 2, 1, 3, 4, 7, 11, 18, 29...
Si tenim 1, 2, 3, -1, 2, 1, 3, 4, 7, 11, 18, 29...
Si tenim 1, 2, 3, -1, 2, 1, 3, 4, 7, 11, 18, 29...
Si tenim 1, 2, 3, -1, 2, 1, 3, 4, 7, 11, 18, 29...
Si tenim 1, 2, 3, -1, 2, 1, 3, 4, 7, 11, 18, 29...
Si tenim 1, 2, 3, -1, 2, 1, 3, 4, 7, 11, 18, 29...
Si tenim 1, 2, 3, -1, 2, 1, 3, 4, 7, 11, 18, 29...
Si tenim 1, 2, 3, -1, 2, 1, 3, 4, 7, 11, 18, 29...
Si tenim 1, 2, 3, -1, 2, 1, 3, 4, 7, 11, 18, 29...
Si tenim 1, 2, 3, -1, 2, 1, 3, 4, 7, 11, 18, 29...
Si tenim 1, 2, 3, -1, 2, 1, 3, 4, 7, 11, 18, 29...
Si tenim 1, 2, 3, -1, 2, 1, 3, 4, 7, 11, 18, 29...
Si tenim 1, 2, 3, -1, 2, 1, 3, 4, 7, 11, 18, 29...
Si tenim 1, 2, 3, -1, 2, 1, 3, 4, 7, 11, 18, 29...
Si tenim 1, 2, 3, -1, 2, 1, 3, 4, 7, 11, 18, 29...
Si tenim 1, 2, 3, -1, 2, 1, 3, 4, 7, 11, 18, 29...
Si tenim 1, 2, 3, -1, 2, 1, 3, 4, 7, 11, 18, 29...
Si tenim 1, 2, 3, -1, 2, 1, 3, 4, 7, 11, 18, 29...
Si tenim 1, 2, 3, -1, 2, 1, 3, 4, 7, 11, 18, 29...
Si tenim 1, 2, 3, -1, 2, 1, 3, 4, 7, 11, 18, 29...
Si tenim 1, 2, 3, -1, 2, 1, 3, 4, 7, 11, 18, 29...
Si tenim 1, 2, 3, -1, 2, 1, 3, 4, 7, 11, 18, 29...
Si tenim 1, 2, 3, -1, 2, 1, 3, 4, 7, 11, 18, 29...
Si tenim 1, 2, 3, -1, 2, 1, 3, 4, 7, 11, 18, 29...
Si tenim 1, 2, 3, -1, 2, 1, 3, 4, 7, 11, 18, 29...
Si tenim 1, 2, 3, -1, 2, 1, 3, 4, 7, 11, 18, 29...
Si tenim 1, 2, 3, -1, 2, 1, 3, 4, 7, 11, 18, 29...
Si tenim 1, 2, 3, -1, 2, 1, 3, 4, 7, 11, 18, 29...
Si tenim 1, 2, 3, -1, 2, 1, 3, 4, 7, 11, 18, 29...
Si tenim 1, 2, 3, -1, 2, 1, 3, 4, 7, 11, 18, 29...
Si tenim 1, 2, 3, -1, 2, 1, 3, 4, 7, 11, 18, 29...
Si tenim 1, 2, 3, -1, 2, 1, 3, 4, 7, 11, 18, 29...
Si tenim 1, 2, 3, -1, 2, 1, 3, 4, 7, 11, 18, 29...
Si tenim 1, 2, 3, -1, 2, 1, 3, 4, 7, 11, 18, 29...
Si tenim 1, 2, 3, -1, 2, 1, 3, 4, 7, 11, 18, 29...
Si tenim 1, 2, 3, -1, 2, 1, 3, 4, 7, 11, 18, 29...
Si tenim 1, 2, 3, -1, 2, 1, 3, 4, 7, 11, 18, 29...
Si tenim 1, 2, 3, -1, 2, 1, 3, 4, 7, 11, 18, 29...
Si tenim 1, 2, 3, -1, 2, 1, 3, 4, 7, 11, 18, 29...
Si tenim 1, 2, 3, -1, 2, 1, 3, 4, 7, 11, 18, 29...
Si tenim 1, 2, 3, -1, 2, 1, 3, 4, 7, 11, 18, 29...
Si tenim 1, 2, 3, -1, 2, 1, 3, 4, 7, 11, 18, 29...
Si tenim 1, 2, 3, -1, 2, 1, 3, 4, 7, 11, 18, 29...
Si tenim 1, 2, 3, -1, 2, 1, 3, 4, 7, 11, 18, 29...
Si tenim 1, 2, 3, -1, 2, 1, 3, 4, 7, 11, 18, 29...
Si tenim 1, 2, 3, -1, 2, 1, 3, 4, 7, 11, 18, 29...
Si tenim 1, 2, 3, -1, 2, 1, 3, 4, 7, 11, 18, 29...
Si tenim 1, 2, 3, -1, 2, 1, 3, 4, 7, 11, 18, 29...
Si tenim 1, 2, 3, -1, 2, 1, 3, 4, 7, 11, 18, 29...
Si tenim 1, 2, 3, -1, 2, 1, 3, 4, 7, 11, 18, 29...
Si tenim 1, 2, 3, -1, 2, 1, 3, 4, 7, 11, 18, 29...
Si tenim 1, 2, 3, -1, 2, 1, 3, 4, 7, 11, 18, 29...
Si tenim 1, 2, 3, -1, 2, 1, 3, 4, 7, 11, 18, 29...
Si tenim 1, 2, 3, -1, 2, 1, 3, 4, 7, 11, 18, 29...
Si tenim 1, 2, 3, -1, 2, 1, 3, 4, 7, 11, 18, 29...
Si tenim 1, 2, 3, -1, 2, 1, 3, 4, 7, 11, 18, 29...
Si tenim 1, 2, 3, -1, 2, 1, 3, 4, 7, 11, 18, 29...
Si tenim 1, 2, 3, -1, 2, 1, 3, 4, 7, 11, 18, 29...
Si tenim 1, 2, 3, -1, 2, 1, 3, 4, 7, 11, 18, 29...
Si tenim 1, 2, 3,