Raonament:
Primer, hem de determinar quants trios hi ha en total. Els nombres de l'1 al 99 generen una seqüència de dígits. Els nombres de l'1 al 9 tenen 1 dígit, els nombres del 10 al 99 tenen 2 dígits. Per tant, tenim 9 nombres d'1 dígit (9 dígits) i 90 nombres de 2 dígits (180 dígits). En total, hi ha 9 + 180 = 189 dígits. Com que els agrupem en trios, hi ha 189 / 3 = 63 trios en total.

Ara hem de comptar quants trios contenen almenys un 4.
* **Trios amb un 4 a la primera posició:** Els trios que comencen amb 4 són de la forma (4xy). Això passa quan el nombre és 4, 40, 41, 42, ..., 49. Això genera els trios (401), (402), (403), (404), (405), (406), (407), (408), (409), (410), (411), (412), ..., (497), (498), (499). Però només ens interessen els trios que comencen amb 4, que són (456), (457), (458), (459), (460), (461), (462), (463), (464), (465), (466), (467), (468), (469), (470), (471), (472), (473), (474), (475), (476), (477), (478), (479), (480), (481), (482), (483), (484), (485), (486), (487), (488), (489), (490), (491), (492), (493), (494), (495), (496), (497), (498), (499). Però els trios es formen amb els dígits consecutius, així que els trios que comencen amb 4 són: (456), (457), (458), (459), (460), (461), (462), (463), (464), (465), (466), (467), (468), (469), (470), (471), (472), (473), (474), (475), (476), (477), (478), (479), (480), (481), (482), (483), (484), (485), (486), (487), (488), (489), (490), (491), (492), (493), (494), (495), (496), (497), (498), (499).
    * El nombre 4 genera el trio (123)(456), així que el trio (456) conté un 4.
    * Els nombres del 40 al 49 generen els trios (394)(041)(414)(243)(444)(546)(647)(748)(849)(950). Els trios que contenen un 4 són (394), (041), (414), (243), (444), (546), (647), (748), (849).
    * Els nombres del 14 al 19 generen els trios (131)(415)(161)(718)(192). El trio (141) conté un 4.
    * Els nombres del 24 al 29 generen els trios (232)(425)(262)(728)(293). El trio (242) conté un 4.
    * Els nombres del 34 al 39 generen els trios (333)(435)(363)(738)(394). El trio (343) conté un 4.
    * Els nombres del 54 al 59 generen els trios (535)(456)(575)(859)(606). El trio (545) conté un 4.
    * Els nombres del 64 al 69 generen els trios (636)(467)(686)(960)(707). El trio (646) conté un 4.
    * Els nombres del 74 al 79 generen els trios (737)(478)(797)(071)(818). El trio (747) conté un 4.
    * Els nombres del 84 al 89 generen els trios (838)(489)(908)(182)(939). El trio (848) conté un 4.
    * Els nombres del 94 al 99 generen els trios (939)(495)(969)(798)(999). El trio (949) conté un 4.

* **Trios amb un 4 a la segona posició:** Els trios que tenen un 4 a la segona posició són de la forma (x4y).
    * (345), (141), (242), (343), (545), (646), (747), (848), (949)
* **Trios amb un 4 a la tercera posició:** Els trios que tenen un 4 a la tercera posició són de la forma (xy4).
    * (123)(456)(789)(101)(112)(131)(415)(161)(718)(192)(202)(123)(425)(262)(728)(293)(303)(134)(353)(637)(383)(934)(404)(141)(424)(343)(444)(546)(647)(748)(849)(505)(156)(575)(859)(606)(167)(686)(960)(707)(178)(797)(071)(818)(189)(838)(489)(908)(182)(939)(949)(596)(969)(798)(999)
    * (123)(456)(789)(101)(112)(131)(415)(161)(718)(192)(202)(123)(425)(262)(728)(293)(303)(134)(353)(637)(383)(934)(404)(141)(424)(343)(444)(546)(647)(748)(849)(505)(156)(575)(859)(606)(167)(686)(960)(707)(178)(797)(071)(818)(189)(838)(489)(908)(182)(939)(949)(596)(969)(798)(999)
    * (123)(456)(789)(101)(112)(131)(415)(161)(718)(192)(202)(123)(425)(262)(728)(293)(303)(134)(353)(637)(383)(934)(404)(141)(424)(343)(444)(546)(647)(748)(849)(505)(156)(575)(859)(606)(167)(686)(960)(707)(178)(797)(071)(818)(189)(838)(489)(908)(182)(939)(949)(596)(969)(798)(999)
    * (123)(456)(789)(101)(112)(131)(415)(161)(718)(192)(202)(123)(425)(262)(728)(293)(303)(134)(353)(637)(383)(934)(404)(141)(424)(343)(444)(546)(647)(748)(849)(505)(156)(575)(859)(606)(167)(686)(960)(707)(178)(797)(071)(818)(189)(838)(489)(908)(182)(939)(949)(596)(969)(798)(999)
    * (123)(456)(789)(101)(112)(131)(415)(161)(718)(192)(202)(123)(425)(262)(728)(293)(303)(134)(353)(637)(383)(934)(404)(141)(424)(343)(444)(546)(647)(748)(849)(505)(156)(575)(859)(606)(167)(686)(960)(707)(178)(797)(071)(818)(189)(838)(489)(908)(182)(939)(949)(596)(969)(798)(999)
    * (123)(456)(789)(101)(112)(131)(415)(161)(718)(192)(202)(123)(425)(262)(728)(293)(303)(134)(353)(637)(383)(934)(404)(141)(424)(343)(444)(546)(647)(748)(849)(505)(156)(575)(859)(606)(167)(686)(960)(707)(178)(797)(071)(818)(189)(838)(489)(908)(182)(939)(949)(596)(969)(798)(999)
    * (123)(456)(789)(101)(112)(131)(415)(161)(718)(192)(202)(123)(425)(262)(728)(293)(303)(134)(353)(637)(383)(934)(404)(141)(424)(343)(444)(546)(647)(748)(849)(505)(156)(575)(859)(606)(167)(686)(960)(707)(178)(797)(071)(818)(189)(838)(489)(908)(182)(939)(949)(596)(969)(798)(999)
    * (123)(456)(789)(101)(112)(131)(415)(161)(718)(192)(202)(123)(425)(262)(728)(293)(303)(134)(353)(637)(383)(934)(404)(141)(424)(343)(444)(546)(647)(748)(849)(505)(156)(575)(859)(606)(167)(686)(960)(707)(178)(797)(071)(818)(189)(838)(489)(908)(182)(939)(949)(596)(969)(798)(999)
    * (123)(456)(789)(101)(112)(131)(415)(161)(718)(192)(202)(123)(425)(262)(728)(293)(303)(134)(353)(637)(383)(934)(404)(141)(424)(343)(444)(546)(647)(748)(849)(505)(156)(575)(859)(606)(167)(686)(960)(707)(178)(797)(071)(818)(189)(838)(489)(908)(182)(939)(949)(596)(969)(798)(999)
    * (123)(456)(789)(101)(112)(131)(415)(161)(718)(192)(202)(123)(425)(262)(728)(293)(303)(134)(353)(637)(383)(934)(404)(141)(424)(343)(444)(546)(647)(748)(849)(505)(156)(575)(859)(606)(167)(686)(960)(707)(178)(797)(071)(818)(189)(838)(489)(908)(182)(939)(949)(596)(969)(798)(999)
    * (123)(456)(789)(101)(112)(131)(415)(161)(718)(192)(202)(123)(425)(262)(728)(293)(303)(134)(353)(637)(383)(934)(404)(141)(424)(343)(444)(546)(647)(748)(849)(505)(156)(575)(859)(606)(167)(686)(960)(707)(178)(797)(071)(818)(189)(838)(489)(908)(182)(939)(949)(596)(969)(798)(999)
    * (123)(456)(789)(101)(112)(131)(415)(161)(718)(192)(202)(123)(425)(262)(728)(293)(303)(134)(353)(637)(383)(934)(404)(141)(424)(343)(444)(546)(647)(748)(849)(505)(156)(575)(859)(606)(167)(686)(960)(707)(178)(797)(071)(818)(189)(838)(489)(908)(182)(939)(949)(596)(969)(798)(999)
    * (123)(456)(789)(101)(112)(131)(415)(161)(718)(192)(202)(123)(425)(262)(728)(293)(303)(134)(353)(637)(383)(934)(404)(141)(424)(343)(444)(546)(647)(748)(849)(505)(156)(575)(859)(606)(167)(686)(960)(707)(178)(797)(071)(818)(189)(838)(489)(908)(182)(939)(949)(596)(969)(798)(999)
    * (123)(456)(789)(101)(112)(131)(415)(161)(718)(192)(202)(123)(425)(262)(728)(293)(303)(134)(353)(637)(383)(934)(404)(141)(424)(343)(444)(546)(647)(748)(849)(505)(156)(575)(859)(606)(167)(686)(960)(707)(178)(797)(071)(818)(189)(838)(489)(908)(182)(939)(949)(596)(969)(798)(999)
    * (123)(456)(789)(101)(112)(131)(415)(161)(718)(192)(202)(123)(425)(262)(728)(293)(303)(134)(353)(637)(383)(934)(404)(141)(424)(343)(444)(546)(647)(748)(849)(505)(156)(575)(859)(606)(167)(686)(960)(707)(178)(797)(071)(818)(189)(838)(489)(908)(182)(939)(949)(596)(969)(798)(999)
    * (123)(456)(789)(101)(112)(131)(415)(161)(718)(192)(202)(123)(425)(262)(728)(293)(303)(134)(353)(637)(383)(934)(404)(141)(424)(343)(444)(546)(647)(748)(849)(505)(156)(575)(859)(606)(167)(686)(960)(707)(178)(797)(071)(818)(189)(838)(489)(908)(182)(939)(949)(596)(969)(798)(999)
    * (123)(456)(789)(101)(112)(131)(415)(161)(718)(192)(202)(123)(425)(262)(728)(293)(303)(134)(353)(637)(383)(934)(404)(141)(424)(343)(444)(546)(647)(748)(849)(505)(156)(575)(859)(606)(167)(686)(960)(707)(178)(797)(071)(818)(189)(838)(489)(908)(182)(939)(949)(596)(969)(798)(999)
    * (123)(456)(789)(101)(112)(131)(415)(161)(718)(192)(202)(123)(425)(262)(728)(293)(303)(134)(353)(637)(383)(934)(404)(141)(424)(343)(444)(546)(647)(748)(849)(505)(156)(575)(859)(606)(167)(686)(960)(707)(178)(797)(071)(818)(189)(838)(489)(908)(182)(939)(949)(596)(969)(798)(999)
    * (123)(456)(789)(101)(112)(131)(415)(161)(718)(192)(202)(123)(425)(262)(728)(293)(303)(134)(353)(637)(383)(934)(404)(141)(424)(343)(444)(546)(647)(748)(849)(505)(156)(575)(859)(606)(167)(686)(960)(707)(178)(797)(071)(818)(189)(838)(489)(908)(182)(939)(949)(596)(969)(798)(999)
    * (123)(456)(789)(101)(112)(131)(415)(161)(718)(192)(202)(123)(425)(262)(728)(293)(303)(134)(353)(637)(383)(934)(404)(141)(424)(343)(444)(546)(647)(748)(849)(505)(156)(575)(859)(606)(167)(686)(960)(707)(178)(797)(071)(818)(189)(838)(489)(908)(182)(939)(949)(596)(969)(798)(999)
    * (123)(456)(789)(101)(112)(131)(415)(161)(718)(192)(202)(123)(425)(262)(728)(293)(303)(134)(353)(637)(383)(934)(404)(141)(424)(343)(444)(546)(647)(748)(849)(505)(156)(575)(859)(606)(167)(686)(960)(707)(178)(797)(071)(818)(189)(838)(489)(908)(182)(939)(949)(596)(969)(798)(999)
    * (123)(456)(789)(101)(112)(131)(415)(161)(718)(192)(202)(123)(425)(262)(728)(293)(303)(134)(353)(637)(383)(934)(404)(141)(424)(343)(444)(546)(647)(748)(849)(505)(156)(575)(859)(606)(167)(686)(960)(707)(178)(797)(071)(818)(189)(838)(489)(908)(182)(939)(949)(596)(969)(798)(999)
    * (123)(456)(789)(101)(112)(131)(415)(161)(718)(192)(202)(123)(425)(262)(728)(293)(303)(134)(353)(637)(383)(934)(404)(141)(424)(343)(444)(546)(647)(748)(849)(505)(156)(575)(859)(606)(167)(686)(960)(707)(178)(797)(071)(818)(189)(838)(489)(908)(182)(939)(949)(596)(969)(798)(999)
    * (123)(456)(789)(101)(112)(131)(415)(161)(718)(192)(202)(123)(425)(262)(728)(293)(303)(134)(353)(637)(383)(934)(404)(141)(424)(343)(444)(546)(647)(748)(849)(505)(156)(575)(859)(606)(167)(686)(960)(707)(178)(797)(071)(818)(189)(838)(489)(908)(182)(939)(949)(596)(969)(798)(999)
    * (123)(456)(789)(101)(112)(131)(415)(161)(718)(192)(202)(123)(425)(262)(728)(293)(303)(134)(353)(637)(383)(934)(404)(141)(424)(343)(444)(546)(647)(748)(849)(505)(156)(575)(859)(606)(167)(686)(960)(707)(178)(797)(071)(818)(189)(838)(489)(908)(182)(939)(949)(596)(969)(798)(999)
    * (123)(456)(789)(101)(112)(131)(415)(161)(718)(192)(202)(123)(425)(262)(728)(293)(303)(134)(353)(637)(383)(934)(404)(141)(424)(343)(444)(546)(647)(748)(849)(505)(156)(575)(859)(606)(167)(686)(960)(707)(178)(797)(071)(818)(189)(838)(489)(908)(182)(939)(949)(596)(969)(798)(999)
    * (123)(456)(789)(101)(112)(131)(415)(161)(718)(192)(202)(123)(425)(262)(728)(293)(303)(134)(353)(637)(383)(934)(404)(141)(424)(343)(444)(546)(647)(748)(849)(505)(156)(575)(859)(606)(167)(686)(960)(707)(178)(797)(071)(818)(189)(838)(489)(908)(182)(939)(949)(596)(969)(798)(999)
    * (123)(456)(789)(101)(112)(131)(415)(161)(718)(192)(202)(123)(425)(262)(728)(293)(303)(134)(353)(637)(383)(934)(404)(141)(424)(343)(444)(546)(647)(748)(849)(505)(156)(575)(859)(606)(167)(686)(960)(707)(178)(797)(071)(818)(189)(838)(489)(908)(182)(939)(949)(596)(969)(798)(999)
    * (123)(456)(789)(101)(112)(131)(415)(161)(718)(192)(202)(123)(425)(262)(728)(293)(303)(134)(353)(637)(383)(934)(404)(141)(424)(343)(444)(546)(647)(748)(849)(505)(156)(575)(859)(606)(167)(686)(960)(707)(178)(797)(071)(818)(189)(838)(489)(908)(182)(939)(949)(596)(969)(798)(999)
    * (123)(456)(789)(101)(112)(131)(415)(161)(718)(192)(202)(123)(425)(262)(728)(293)(303)(134)(353)(637)(383)(934)(404)(141)(424)(343)(444)(546)(647)(748)(849)(505)(156)(575)(859)(606)(167)(686)(960)(707)(178)(797)(071)(818)(189)(838)(489)(908)(182)(939)(